0.23663546144962310791015625000000 0.12128847837448120117187500000000 0.093286208808422088623046875000000 0.084088027477264404296875000000000 0.21587903797626495361328125000000 0.17069849371910095214843750000000 0.14986258745193481445312500000000 0.14253719151020050048828125000000 0.067889273166656494140625000000000 0.10427768528461456298828125000000 0.17175924777984619140625000000000
0.091198965907096862792968750000000 0.022022388875484466552734375000000 0.010951403528451919555664062500000 0.021458588540554046630859375000000 0.14899700880050659179687500000000 -0.017375282943248748779296875000000 0.15354157984256744384765625000000 0.19779136776924133300781250000000 0.029198018833994865417480468750000 0.14730560779571533203125000000000 0.13391108810901641845703125000000
0.15401990711688995361328125000000 0.10133877396583557128906250000000 0.083365514874458312988281250000000 0.064649060368537902832031250000000 0.080905273556709289550781250000000 0.18643844127655029296875000000000 0.010771974921226501464843750000000 -0.036638498306274414062500000000000 0.041439302265644073486328125000000 -0.029163856059312820434570312500000 0.050451543182134628295898437500000
0.091198951005935668945312500000000 0.022022377699613571166992187500000 0.010951396077871322631835937500000 0.021458579227328300476074218750000 0.14899699389934539794921875000000 -0.017375297844409942626953125000000 0.15354157984256744384765625000000 0.19779135286808013916015625000000 0.029198013246059417724609375000000 0.14730560779571533203125000000000 0.13391108810901641845703125000000
0.14543648064136505126953125000000 0.099266082048416137695312500000000 0.082334801554679870605468750000000 0.062629431486129760742187500000000 0.066882029175758361816406250000000 0.18807375431060791015625000000000 -0.0036789998412132263183593750000000 -0.055254168808460235595703125000000 0.038691252470016479492187500000000 -0.043027915060520172119140625000000 0.037848148494958877563476562500000
0.0000000000000000000000000000000 0.0000000000000000000000000000000 0.0000000000000000000000000000000 0.0000000000000000000000000000000 0.0000000000000000000000000000000 0.0000000000000000000000000000000 0.0000000000000000000000000000000 0.0000000000000000000000000000000 0.0000000000000000000000000000000 0.0000000000000000000000000000000 0.0000000000000000000000000000000
0.0000000000000000000000000000000 0.0000000000000000000000000000000 0.0000000000000000000000000000000 0.0000000000000000000000000000000 0.0000000000000000000000000000000 0.0000000000000000000000000000000 0.0000000000000000000000000000000 0.0000000000000000000000000000000 0.0000000000000000000000000000000 0.0000000000000000000000000000000 0.0000000000000000000000000000000
0.0000000000000000000000000000000 0.0000000000000000000000000000000 0.0000000000000000000000000000000 0.0000000000000000000000000000000 0.0000000000000000000000000000000 0.0000000000000000000000000000000 0.0000000000000000000000000000000 0.0000000000000000000000000000000 0.0000000000000000000000000000000 0.0000000000000000000000000000000 0.0000000000000000000000000000000
0.0000000000000000000000000000000 0.0000000000000000000000000000000 0.0000000000000000000000000000000 0.0000000000000000000000000000000 0.0000000000000000000000000000000 0.0000000000000000000000000000000 0.0000000000000000000000000000000 0.0000000000000000000000000000000 0.0000000000000000000000000000000 0.0000000000000000000000000000000 0.0000000000000000000000000000000
0.091198951005935668945312500000000 0.022022377699613571166992187500000 0.010951396077871322631835937500000 0.021458579227328300476074218750000 0.14899699389934539794921875000000 -0.017375297844409942626953125000000 0.15354157984256744384765625000000 0.19779135286808013916015625000000 0.029198013246059417724609375000000 0.14730560779571533203125000000000 0.13391108810901641845703125000000
0.23663543164730072021484375000000 0.12128845602273941040039062500000 0.093286193907260894775390625000000 0.084088012576103210449218750000000 0.21587902307510375976562500000000 0.17069844901561737060546875000000 0.14986257255077362060546875000000 0.14253720641136169433593750000000 0.067889265716075897216796875000000 0.10427767783403396606445312500000 0.17175923287868499755859375000000
